255 255 255 255 255 255 255 255 255 255 255 255 255 255 255 255
255 251 229 229 229 229 229 229 229 229 229 229 229 229 251 255
255 229   0   0   0   0   0   0   0   0   0   0   0   0 229 255
255 229   0   0   0   0   0   0   0   0   0   0   0   0 229 255
255 229   0   0   0   0   0   0   0   0   0   0   0   0 229 255
255 229   0   0   0  48   0   0   0   0 171   0   0   0 229 255
255 229   0   0   0  48 255   0   0   0 171   0   0   0 229 255
255 229   0   0   0  48   0  80   0 255 171   0   0   0 229 255
255 229   0   0   0  48   0   0   0   0 171   0   0   0 229 255
255 229   0   0   0  48   0   0   0   0 171   0   0   0 229 255
255 229   0   0   0  48   0   0   0   0 171   0   0   0 229 255
255 229   0   0   0   0   0   0   0   0   0   0   0   0 229 255
255 229   0   0   0   0   0   0   0   0   0   0   0   0 229 255
255 229   0   0   0   0   0   0   0   0   0   0   0   0 229 255
255 251 229 229 229 229 229 229 229 229 229 229 229 229 251 255
255 255 255 255 255 255 255 255 255 255 255 255 255 255 255 255
255 255 255 255 255 255 255 255 255 255 255 255 255 255 255 255
255 251 229 229 229 229 229 229 229 229 229 229 229 229 251 255
255 229   0   0   0   0   0   0   0   0   0   0   0   0 229 255
255 229   0   0   0   0   0   0   0   0   0   0   0   0 229 255
255 229   0   0   0   0   0   0   0   0   0   0   0   0 229 255
255 229   0   0   0  48   0   0   0   0 171   0   0   0 229 255
255 229   0   0   0  48 255   0   0   0 171   0   0   0 229 255
255 229   0   0   0  48   0  80   0 255 171   0   0   0 229 255
255 229   0   0   0  48   0   0   0   0 171   0   0   0 229 255
255 229   0   0   0  48   0   0   0   0 171   0   0   0 229 255
255 229   0   0   0  48   0   0   0   0 171   0   0   0 229 255
255 229   0   0   0   0   0   0   0   0   0   0   0   0 229 255
255 229   0   0   0   0   0   0   0   0   0   0   0   0 229 255
255 229   0   0   0   0   0   0   0   0   0   0   0   0 229 255
255 251 229 229 229 229 229 229 229 229 229 229 229 229 251 255
255 255 255 255 255 255 255 255 255 255 255 255 255 255 255 255
255 255 255 255 255 255 255 255 255 255 255 255 255 255 255 255
255 251 229 229 229 229 229 229 229 229 229 229 229 229 251 255
255 229   0   0   0   0   0   0   0   0   0   0   0   0 229 255
255 229   0   0   0   0   0   0   0   0   0   0   0   0 229 255
255 229   0   0   0   0   0   0   0   0   0   0   0   0 229 255
255 229   0   0   0  48   0   0   0   0 171   0   0   0 229 255
255 229   0   0   0  48 255   0   0   0 171   0   0   0 229 255
255 229   0   0   0  48   0  80   0 255 171   0   0   0 229 255
255 229   0   0   0  48   0   0   0   0 171   0   0   0 229 255
255 229   0   0   0  48   0   0   0   0 171   0   0   0 229 255
255 229   0   0   0  48   0   0   0   0 171   0   0   0 229 255
255 229   0   0   0   0   0   0   0   0   0   0   0   0 229 255
255 229   0   0   0   0   0   0   0   0   0   0   0   0 229 255
255 229   0   0   0   0   0   0   0   0   0   0   0   0 229 255
255 251 229 229 229 229 229 229 229 229 229 229 229 229 251 255
255 255 255 255 255 255 255 255 255 255 255 255 255 255 255 255

255 255 255 255 255 255 255 255 255 255 255 255 255 255 255 255
255 214 153 153 153 153 153 153 153 153 153 153 153 153 214 255
255 153   0   0   0   0   0   0   0   0   0   0   0   0 153 255
255 153   0   0   0   0   0   0   0   0   0   0   0   0 153 255
255 153   0   0  10  51  51  51  51  51  51  10   0   0 153 255
255 153   0   0  51 172 138 172 177 173 181  51   0   0 153 255
255 153   0   0  51  83  68 218  86  77  95  51   0   0 153 255
255 153   0   0  51  85  36 135  93  85 102  51   0   0 153 255
255 153   0   0  51 106  82 135  93  86 149  51   0   0 153 255
255 153   0   0  51  85 230  75  62  65 136  51   0   0 153 255
255 153   0   0  51 150 107 126 139 107 162  51   0   0 153 255
255 153   0   0  10  51  51  51  51  51  51  10   0   0 153 255
255 153   0   0   0   0   0   0   0   0   0   0   0   0 153 255
255 153   0   0   0   0   0   0   0   0   0   0   0   0 153 255
255 214 153 153 153 153 153 153 153 153 153 153 153 153 214 255
255 255 255 255 255 255 255 255 255 255 255 255 255 255 255 255
255 255 255 255 255 255 255 255 255 255 255 255 255 255 255 255
255 214 153 153 153 153 153 153 153 153 153 153 153 153 214 255
255 153   0   0   0   0   0   0   0   0   0   0   0   0 153 255
255 153   0   0   0   0   0   0   0   0   0   0   0   0 153 255
255 153   0   0  10  51  51  51  51  51  51  10   0   0 153 255
255 153   0   0  51 172 138 172 177 173 181  51   0   0 153 255
255 153   0   0  51  83  68 218  86  77  95  51   0   0 153 255
255 153   0   0  51  85  36 135  93  85 102  51   0   0 153 255
255 153   0   0  51 106  82 135  93  86 149  51   0   0 153 255
255 153   0   0  51  85 230  75  62  65 136  51   0   0 153 255
255 153   0   0  51 150 107 126 139 107 162  51   0   0 153 255
255 153   0   0  10  51  51  51  51  51  51  10   0   0 153 255
255 153   0   0   0   0   0   0   0   0   0   0   0   0 153 255
255 153   0   0   0   0   0   0   0   0   0   0   0   0 153 255
255 214 153 153 153 153 153 153 153 153 153 153 153 153 214 255
255 255 255 255 255 255 255 255 255 255 255 255 255 255 255 255
255 255 255 255 255 255 255 255 255 255 255 255 255 255 255 255
255 214 153 153 153 153 153 153 153 153 153 153 153 153 214 255
255 153   0   0   0   0   0   0   0   0   0   0   0   0 153 255
255 153   0   0   0   0   0   0   0   0   0   0   0   0 153 255
255 153   0   0  10  51  51  51  51  51  51  10   0   0 153 255
255 153   0   0  51 172 138 172 177 173 181  51   0   0 153 255
255 153   0   0  51  83  68 218  86  77  95  51   0   0 153 255
255 153   0   0  51  85  36 135  93  85 102  51   0   0 153 255
255 153   0   0  51 106  82 135  93  86 149  51   0   0 153 255
255 153   0   0  51  85 230  75  62  65 136  51   0   0 153 255
255 153   0   0  51 150 107 126 139 107 162  51   0   0 153 255
255 153   0   0  10  51  51  51  51  51  51  10   0   0 153 255
255 153   0   0   0   0   0   0   0   0   0   0   0   0 153 255
255 153   0   0   0   0   0   0   0   0   0   0   0   0 153 255
255 214 153 153 153 153 153 153 153 153 153 153 153 153 214 255
255 255 255 255 255 255 255 255 255 255 255 255 255 255 255 255

255 255 255 255 255 255 255 255 255 255 255 255 255 255 255 255
255 214 153 153 153 153 153 153 153 153 153 153 153 153 214 255
255 153   0   0   0   0   0   0   0   0   0   0   0   0 153 255
255 153   0   0   0   0   0   0   0   0   0   0   0   0 153 255
255 153   0   0  10  51  51  51  51  51  51  10   0   0 153 255
255 153   0   0  51 181  95 102 149 136 162  51   0   0 153 255
255 153   0   0  51 173  77  85  86  65 107  51   0   0 153 255
255 153   0   0  51 177  86  93  93  62 139  51   0   0 153 255
255 153   0   0  51 172 218 135 135  75 126  51   0   0 153 255
255 153   0   0  51 138  68  36  82 230 107  51   0   0 153 255
255 153   0   0  51 172  83  85 106  85 150  51   0   0 153 255
255 153   0   0  10  51  51  51  51  51  51  10   0   0 153 255
255 153   0   0   0   0   0   0   0   0   0   0   0   0 153 255
255 153   0   0   0   0   0   0   0   0   0   0   0   0 153 255
255 214 153 153 153 153 153 153 153 153 153 153 153 153 214 255
255 255 255 255 255 255 255 255 255 255 255 255 255 255 255 255
255 255 255 255 255 255 255 255 255 255 255 255 255 255 255 255
255 214 153 153 153 153 153 153 153 153 153 153 153 153 214 255
255 153   0   0   0   0   0   0   0   0   0   0   0   0 153 255
255 153   0   0   0   0   0   0   0   0   0   0   0   0 153 255
255 153   0   0  10  51  51  51  51  51  51  10   0   0 153 255
255 153   0   0  51 181  95 102 149 136 162  51   0   0 153 255
255 153   0   0  51 173  77  85  86  65 107  51   0   0 153 255
255 153   0   0  51 177  86  93  93  62 139  51   0   0 153 255
255 153   0   0  51 172 218 135 135  75 126  51   0   0 153 255
255 153   0   0  51 138  68  36  82 230 107  51   0   0 153 255
255 153   0   0  51 172  83  85 106  85 150  51   0   0 153 255
255 153   0   0  10  51  51  51  51  51  51  10   0   0 153 255
255 153   0   0   0   0   0   0   0   0   0   0   0   0 153 255
255 153   0   0   0   0   0   0   0   0   0   0   0   0 153 255
255 214 153 153 153 153 153 153 153 153 153 153 153 153 214 255
255 255 255 255 255 255 255 255 255 255 255 255 255 255 255 255
255 255 255 255 255 255 255 255 255 255 255 255 255 255 255 255
255 214 153 153 153 153 153 153 153 153 153 153 153 153 214 255
255 153   0   0   0   0   0   0   0   0   0   0   0   0 153 255
255 153   0   0   0   0   0   0   0   0   0   0   0   0 153 255
255 153   0   0  10  51  51  51  51  51  51  10   0   0 153 255
255 153   0   0  51 181  95 102 149 136 162  51   0   0 153 255
255 153   0   0  51 173  77  85  86  65 107  51   0   0 153 255
255 153   0   0  51 177  86  93  93  62 139  51   0   0 153 255
255 153   0   0  51 172 218 135 135  75 126  51   0   0 153 255
255 153   0   0  51 138  68  36  82 230 107  51   0   0 153 255
255 153   0   0  51 172  83  85 106  85 150  51   0   0 153 255
255 153   0   0  10  51  51  51  51  51  51  10   0   0 153 255
255 153   0   0   0   0   0   0   0   0   0   0   0   0 153 255
255 153   0   0   0   0   0   0   0   0   0   0   0   0 153 255
255 214 153 153 153 153 153 153 153 153 153 153 153 153 214 255
255 255 255 255 255 255 255 255 255 255 255 255 255 255 255 255

255 255 255 255 255 255 255 255 255 255 255 255 255 255 255 255
255 214 153 153 153 153 153 153 153 153 153 153 153 153 214 255
255 153   0   0   0   0   0   0   0   0   0   0   0   0 153 255
255 153   0   0   0   0   0   0   0   0   0   0   0   0 153 255
255 153   0   0  10  51  51  51  51  51  51  10   0   0 153 255
255 153   0   0  51 162 107 139 126 107 150  51   0   0 153 255
255 153   0   0  51 136  65  62  75 230  85  51   0   0 153 255
255 153   0   0  51 149  86  93 135  82 106  51   0   0 153 255
255 153   0   0  51 102  85  93 135  36  85  51   0   0 153 255
255 153   0   0  51  95  77  86 218  68  83  51   0   0 153 255
255 153   0   0  51 181 173 177 172 138 172  51   0   0 153 255
255 153   0   0  10  51  51  51  51  51  51  10   0   0 153 255
255 153   0   0   0   0   0   0   0   0   0   0   0   0 153 255
255 153   0   0   0   0   0   0   0   0   0   0   0   0 153 255
255 214 153 153 153 153 153 153 153 153 153 153 153 153 214 255
255 255 255 255 255 255 255 255 255 255 255 255 255 255 255 255
255 255 255 255 255 255 255 255 255 255 255 255 255 255 255 255
255 214 153 153 153 153 153 153 153 153 153 153 153 153 214 255
255 153   0   0   0   0   0   0   0   0   0   0   0   0 153 255
255 153   0   0   0   0   0   0   0   0   0   0   0   0 153 255
255 153   0   0  10  51  51  51  51  51  51  10   0   0 153 255
255 153   0   0  51 162 107 139 126 107 150  51   0   0 153 255
255 153   0   0  51 136  65  62  75 230  85  51   0   0 153 255
255 153   0   0  51 149  86  93 135  82 106  51   0   0 153 255
255 153   0   0  51 102  85  93 135  36  85  51   0   0 153 255
255 153   0   0  51  95  77  86 218  68  83  51   0   0 153 255
255 153   0   0  51 181 173 177 172 138 172  51   0   0 153 255
255 153   0   0  10  51  51  51  51  51  51  10   0   0 153 255
255 153   0   0   0   0   0   0   0   0   0   0   0   0 153 255
255 153   0   0   0   0   0   0   0   0   0   0   0   0 153 255
255 214 153 153 153 153 153 153 153 153 153 153 153 153 214 255
255 255 255 255 255 255 255 255 255 255 255 255 255 255 255 255
255 255 255 255 255 255 255 255 255 255 255 255 255 255 255 255
255 214 153 153 153 153 153 153 153 153 153 153 153 153 214 255
255 153   0   0   0   0   0   0   0   0   0   0   0   0 153 255
255 153   0   0   0   0   0   0   0   0   0   0   0   0 153 255
255 153   0   0  10  51  51  51  51  51  51  10   0   0 153 255
255 153   0   0  51 162 107 139 126 107 150  51   0   0 153 255
255 153   0   0  51 136  65  62  75 230  85  51   0   0 153 255
255 153   0   0  51 149  86  93 135  82 106  51   0   0 153 255
255 153   0   0  51 102  85  93 135  36  85  51   0   0 153 255
255 153   0   0  51  95  77  86 218  68  83  51   0   0 153 255
255 153   0   0  51 181 173 177 172 138 172  51   0   0 153 255
255 153   0   0  10  51  51  51  51  51  51  10   0   0 153 255
255 153   0   0   0   0   0   0   0   0   0   0   0   0 153 255
255 153   0   0   0   0   0   0   0   0   0   0   0   0 153 255
255 214 153 153 153 153 153 153 153 153 153 153 153 153 214 255
255 255 255 255 255 255 255 255 255 255 255 255 255 255 255 255
